confusion matrix - 10 worst predictions:
      :     ``    -RRB- WDT   MD    -LRB- SYM   PDT   RBR   .     VBD   PRP   JJS   ''    POS   WRB   VB    VBZ   PRP$  RB    EX    #     VBG   ,     JJR   NN    VBN   UH    FW    WP$   NNP   RP    *     JJ    IN    $     RBS   NNPS  VBP   WP    STOP  CD    NNS   TO    CC    DT
VBG   0     0     0     0     0     0     0     0     0     0     0     0     0     0     0     0     0     0     0     0     0     0     365   0     0     26    0     0     0     0     3     0     0     5     0     0     0     0     1     0     0     0     0     0     0     0
VB    0     0     0     0     0     0     0     0     0     0     0     0     0     0     0     0     538   0     0     1     0     0     1     0     2     20    0     0     0     0     2     0     0     6     2     0     0     0     13    0     0     0     0     0     0     0
NNPS  0     0     0     0     0     0     0     0     0     0     0     0     0     0     0     0     0     0     0     0     0     0     0     0     0     0     0     0     0     0     27    0     0     3     0     0     0     34    0     0     0     0     19    0     0     0
VBD   0     0     0     0     0     0     0     0     0     0     784   0     0     0     0     0     4     0     0     0     0     0     0     0     0     2     35    0     0     0     1     0     0     3     1     0     0     0     4     0     0     0     0     0     0     0
RB    0     0     0     0     0     0     0     0     2     0     1     0     1     0     0     0     0     0     0     718   0     0     0     0     2     5     0     1     0     0     9     1     0     19    18    0     0     0     0     0     0     0     0     0     0     7
VBN   0     0     0     0     0     0     0     0     0     0     30    0     0     0     0     0     0     0     0     0     0     0     0     0     0     3     429   0     0     0     1     0     0     35    0     0     0     0     0     0     0     0     0     0     0     0
IN    0     0     0     5     0     0     0     0     0     0     0     0     0     0     0     0     0     0     0     56    0     0     1     0     0     2     0     0     0     0     6     6     0     0     2477  0     0     0     0     0     0     0     0     0     0     7
NNP   0     0     0     0     0     0     0     0     0     0     1     0     0     0     0     0     0     1     0     0     0     0     0     0     0     30    0     0     0     0     1891  0     0     29    0     0     0     27    0     0     0     1     5     0     0     1
JJ    0     0     0     0     0     0     0     0     1     0     6     0     1     0     0     0     4     0     0     15    0     0     7     0     0     96    33    0     0     0     17    0     0     1309  4     0     0     0     2     0     0     1     1     0     0     0
NN    0     0     0     0     1     0     0     0     0     0     2     0     0     0     0     0     11    0     0     10    0     0     29    0     5     3132  2     0     1     0     32    2     0     85    5     0     0     0     10    0     0     5     40    0     0     0
